<?xml version="1.0"?>
<opencv_storage>
<CameraRotation>
  7.1590442792320488e+01 -2.3117533641557003e+02 1.6412339210059054e+02</CameraRotation>
<CameraPsition>
  7.1590442792320488e+01 -2.3117533641557003e+02 1.6412339210059054e+02</CameraPsition>
</opencv_storage>
