<?xml version="1.0"?>
<opencv_storage>
<CameraRotation>
  2.0664086369173560e+02 6.0206599267514505e+01 -5.3561298062131698e+01</CameraRotation>
<CameraPsition>
  2.0664086369173560e+02 6.0206599267514505e+01 -5.3561298062131698e+01</CameraPsition>
</opencv_storage>
