<?xml version="1.0"?>
<opencv_storage>
<CameraRotation type_id="opencv-matrix">
  <rows>3</rows>
  <cols>3</cols>
  <dt>d</dt>
  <data>
    7.1263257532143476e-01 2.0995540573882429e-01
    -6.6938295481121191e-01 7.0051443796197721e-01
    -2.6447571355246785e-01 6.6282133274942912e-01
    -3.7872612763800710e-02 -9.4126049770611175e-01
    -3.3555080190707975e-01</data></CameraRotation>
<CameraPsition>
  -5.7785667336346463e-02 -2.4929198294119597e+00
  -1.4738364305912457e+01</CameraPsition>
</opencv_storage>
