<?xml version="1.0"?>
<opencv_storage>
<CameraMatrix type_id="opencv-matrix">
  <rows>3</rows>
  <cols>3</cols>
  <dt>d</dt>
  <data>
    5.3839011482433204e+02 0. 3.0028174637087812e+02 0.
    5.2502132042648509e+02 2.3359907167705890e+02 0. 0. 1.</data></CameraMatrix>
<DistortionCoeffs type_id="opencv-matrix">
  <rows>1</rows>
  <cols>5</cols>
  <dt>d</dt>
  <data>
    -1.0870627205576280e-01 2.6750500959907469e-01
    7.9362216910634233e-04 -2.6708018509194443e-04
    -9.6862973154227899e-02</data></DistortionCoeffs>
</opencv_storage>
