<?xml version="1.0"?>
<opencv_storage>
<CameraRotation>
  -1.2959914600310330e+02 2.0085086891316413e+02 -1.3526983679054075e+02</CameraRotation>
<CameraPsition>
  -1.2959914600310330e+02 2.0085086891316413e+02 -1.3526983679054075e+02</CameraPsition>
</opencv_storage>
