<?xml version="1.0"?>
<opencv_storage>
<CameraMatrix type_id="opencv-matrix">
  <rows>3</rows>
  <cols>3</cols>
  <dt>d</dt>
  <data>
    5.2760960232872640e+02 0. 3.0460921647527493e+02 0.
    5.1673567909247288e+02 2.2349643634944988e+02 0. 0. 1.</data></CameraMatrix>
<DistortionCoeffs type_id="opencv-matrix">
  <rows>1</rows>
  <cols>5</cols>
  <dt>d</dt>
  <data>
    -1.2134993786400733e-01 3.5440425785112722e-01
    2.4288855046786426e-03 -1.1600977949768766e-03
    -2.4642340329538417e-01</data></DistortionCoeffs>
</opencv_storage>
