<?xml version="1.0"?>
<opencv_storage>
<CameraRotation>
  2.0323145981120996e+02 -8.9467862707751706e+01 5.6985704208704831e+01</CameraRotation>
<CameraPsition>
  2.0323145981120996e+02 -8.9467862707751706e+01 5.6985704208704831e+01</CameraPsition>
</opencv_storage>
