<?xml version="1.0"?>
<opencv_storage>
<CameraRotation type_id="opencv-matrix">
  <rows>3</rows>
  <cols>3</cols>
  <dt>d</dt>
  <data>
    -9.5173610326902236e-01 7.7795094841810131e-02
    -2.9676237112883946e-01 3.0670797753819767e-01
    2.1619599879135984e-01 -9.2684495186039118e-01
    -7.8811446060517206e-03 -9.7318418486758362e-01
    -2.2963741566642981e-01</data></CameraRotation>
<CameraPsition>
  -3.2414744680168382e-02 -3.1478134626726466e+00
  -1.3393720674542090e+01</CameraPsition>
</opencv_storage>
