<?xml version="1.0"?>
<opencv_storage>
<CameraRotation>
  1.6223243657259275e+02 -1.1237163851523228e+02 8.8108147247243082e+01</CameraRotation>
<CameraPsition>
  1.6223243657259275e+02 -1.1237163851523228e+02 8.8108147247243082e+01</CameraPsition>
</opencv_storage>
